5.8418e-05
0.0014332
0.131102
0.0832213
0.00284224
0.0871988
0.694023
0.34101
0.0646004
0.925504
0.132289
3.46108e-05
0.00638208
0.0297621
0.819182
0.0576569
0.20563
0.0268049
0.107116
0.0005129
0.284304
0.00178463
0.352956
0.982844
0.0333592
0.00938919
0.544627
0.0809841
0.386357
0.0311707
4.44617e-05
0.451454
0.0781064
0.160486
0.00845575
0.184328
0.96114
0.000707289
0.019196
0.0584662
0.000257528
0.469622
0.0744649
0.0154591
0.000662817
0.0452664
0.256574
0.31088
0.281869
0.00134381
0.434618
0.0307272
0.0124305
0.100017
0.0290654
0.169628
0.307751
0.00191157
0.959193
0.0656858
0.0845009
1.01266e-05
0.00496654
0.650094
0.180427
0.0524578
0.0825356
0.168145
0.0995366
0.347646
0.830757
0.146416
0.110894
0.0469585
0.467605
0.182889
0.368858
0.0697361
0.0147162
0.051825
0.142205
1.62471e-08
0.322894
0.427997
0.101663
0.980651
0.0289832
0.00285527
0.00162702
0.0252519
0.16219
0.172284
0.0312605
0.367007
0.0755351
0.681666
0.000736498
0.631869
0.0806365
0.1698
0.1768
0.0515171
0.000527733
7.2468e-05
0.393621
0.629392
0.22622
0.091146
0.0193776
0.623653
0.55717
0.494084
0.629216
0.131804
0.161139
0.0338939
0.126824
0.617036
0.100864
0.238369
0.00303108
1.27382e-06
0.00549576
0.097169
0.383931
0.215125
0.0392417
0.545563
0.0956307
0.459826
0.0510071
6.38639e-06
0.00298219
0.0921441
0.000218655
0.674082
0.0294056
0.300174
0.0349151
0.192354
0.143825
0.00335535
0.0497596
0.0552374
0.285697
0.758501
0.349606
0.00417647
0.444756
0.00490924
0.47652
0.748718
0.00590979
0.877977
0.0497464
0.747627
0.172565
0.354293
0.380626
2.76508e-06
0.11021
0.000872991
3.46107e-05
0.242253
0.163887
0.000800051
0.125145
0.627007
0.443141
0.56568
0.0812705
0.0234751
0.931839
0.51386
0.296972
0.256488
0.362388
0.0513289
0.505127
0.108033
0.158864
0.192581
0.056761
0.37698
0.153156
0.425413
0.250039
0.000772815
0.0971394
0.0446279
0.00118442
0.828297
0.091295
0.00265058
0.177999
0.992591
0.0123627
0.000246664
0.621582
0.980989
0.704373
0.0235369
0.0219412
0.650569
0.000671074
0.84962
0.126397
0.512957
0.0323903
0.0265328
0.0212004
0.636857
0.671625
0.288908
0.197903
0.0693105
0.0705315
0.00962909
0.126914
0.665016
0.182721
0.225136
0.535378
5.57555e-06
0.416391
0.0525311
3.55113e-06
0.935333
0.0835865
0.655517
0.917154
0.0349598
0.00374305
0.0159153
0.00724206
0.0143163
0.00784099
0.336178
8.12601e-05
0.138535
0.980887
0.0327928
0.0539213
0.65698
0.944536
0.886245
0.0219755
0.061316
0.00520396
0.479385
