0.171965
0.139392
0.247193
0.273106
0.21492
0.211022
0.361188
0.223021
0.416257
0.322968
0.197928
0.311337
0.28908
0.245158
0.276118
0.194546
0.237671
0.307783
0.196996
0.233221
0.336234
0.177864
0.266741
0.33428
0.298444
0.335824
0.317215
0.282851
0.216421
0.33586
0.211496
0.225089
0.338007
0.252569
0.212054
0.191325
0.223709
0.213586
0.291985
0.300942
0.187441
0.272643
0.238953
0.172304
0.316834
0.267423
0.232477
0.159449
0.223732
0.259448
0.193701
0.188282
0.331987
0.235851
0.169089
0.223581
0.380036
0.32867
0.276165
0.145654
0.201069
0.287579
0.326056
0.260989
0.194868
0.199642
0.209701
0.224692
0.219981
0.255667
0.221009
0.187883
0.265658
0.224557
0.240809
0.216601
0.188368
0.226021
0.322702
0.161499
0.23899
0.300152
0.30235
0.226081
0.216575
0.21547
0.27666
0.306802
0.293443
0.245458
0.166209
0.365716
0.160755
0.225349
0.19157
0.254962
0.23008
0.294182
0.200175
0.194724
0.191
0.254196
0.175556
0.30981
0.329577
0.147073
0.246582
0.226463
0.234196
0.251046
0.208326
0.232311
0.204201
0.16359
0.185818
0.256162
0.1863
0.307661
0.314642
0.155847
0.251798
0.124773
0.226442
0.28317
0.280944
0.211861
0.294207
0.222469
0.345569
0.12974
0.239034
0.393602
0.196769
0.229395
0.248153
0.219958
0.220657
0.243799
0.0916495
0.155292
0.270242
0.316057
0.204366
0.178745
0.258042
0.413843
0.117819
0.279393
0.238573
0.258503
0.241366
0.233591
0.280999
0.2907
0.316551
0.324453
0.314164
0.259096
0.275036
0.248247
0.201976
0.310728
0.247714
0.302436
0.158508
0.243358
0.232157
0.208903
0.225208
0.270463
0.21643
0.18673
0.316163
0.271435
0.254409
0.294589
0.292631
0.130559
0.238986
0.255662
0.332252
0.306047
0.315073
0.24847
0.254526
0.302064
0.292222
0.310058
0.292679
0.272915
0.330097
0.320595
0.265236
0.262907
0.169015
0.298676
0.272665
0.233949
0.162923
0.197922
0.337966
0.23737
0.227551
0.217232
0.158314
0.241568
0.267702
0.22127
0.239266
0.250323
0.197603
0.234842
0.263272
0.181016
0.25345
0.281497
0.366928
0.348458
0.236314
0.376882
0.326166
0.129176
0.311359
0.241051
0.274546
0.296148
0.330781
0.231993
0.304996
0.298062
0.291679
0.281059
0.296789
0.293343
0.139147
0.265977
0.0851003
0.23995
0.26484
0.255749
0.394601
0.25039
0.331008
0.221937
0.237391
0.337158
0.195841
0.168225
0.272188
0.334938
